3.016261 5.150
3.038118 5.150
3.060134 5.150
3.082309 5.150
3.104645 5.150
3.127142 5.150
3.149803 5.150
3.172627 5.150
3.195618 5.150
3.218774 5.150
3.242099 5.150
3.265593 5.150
3.289256 5.150
3.313092 5.150
3.337100 5.150
3.361282 5.150
3.385639 5.150
3.410173 5.150
3.434884 5.150
3.459775 5.150
3.484846 5.150
3.510098 5.150
3.535534 5.150
3.561154 5.150
3.586959 5.150
3.612952 5.150
3.639133 5.150
3.665504 5.150
3.692065 5.150
3.718820 5.150
3.745768 5.150
3.772911 5.150
3.800251 5.150
3.827789 5.150
3.855527 5.150
3.883466 5.150
3.911607 5.150
3.939952 5.150
3.968503 5.150
3.997260 5.150
4.026226 5.150
4.055401 5.150
4.084789 5.150
4.114388 5.150
4.144203 5.150
4.174234 5.150
4.204482 5.150
4.234950 5.150
4.265638 5.150
4.296548 5.150
4.327683 5.150
4.359043 5.150
4.390630 5.150
4.422447 5.150
4.454494 5.150
4.486773 5.150
4.519286 5.150
4.552034 5.150
4.585020 5.150
4.618245 5.150
4.651711 5.150
4.685419 5.150
4.719372 5.150
4.753570 5.150
4.788016 5.150
4.822712 5.150
4.857660 5.150
4.892860 5.150
4.928316 5.150
4.964029 5.150
5.000000 5.150
5.036232 5.150
5.072727 5.150
5.109486 5.150
5.146511 5.150
5.183805 5.150
5.221369 5.150
5.259205 5.150
5.297316 5.150
5.335702 5.150
5.374367 5.150
5.413311 5.150
5.452538 5.150
5.492050 5.150
5.531847 5.150
5.571934 5.150
5.612310 5.150
5.652979 5.150
5.693943 5.150
5.735204 5.150
5.776763 5.150
5.818624 5.150
5.860788 5.150
5.903258 5.150
5.946035 5.150
5.989123 5.150
6.032523 5.150
6.076237 5.150
6.120268 5.150
6.164618 5.150
6.209289 5.150
6.254284 5.150
6.299605 5.150
6.345255 5.150
6.391235 5.150
6.437549 5.150
6.484198 5.150
6.531185 5.150
6.578513 5.150
6.626183 5.150
6.674199 5.150
6.722563 5.150
6.771278 5.150
6.820345 5.150
6.869768 5.150
6.919549 5.150
6.969691 5.150
7.020196 5.150
7.071068 5.150
7.122308 5.150
7.173919 5.150
7.225904 5.150
7.278266 5.150
7.331007 5.150
7.384131 5.150
7.437639 5.150
7.491535 5.150
7.545822 5.150
7.600502 5.150
7.655579 5.150
7.711054 5.150
7.766932 5.150
7.823214 5.150
7.879904 5.150
7.937005 5.150
7.994520 5.150
8.052452 5.150
8.110803 5.150
8.169578 5.150
8.228777 5.150
8.288406 5.150
8.348468 5.150
8.408964 5.150
8.469899 5.150
8.531276 5.150
8.593097 5.150
8.655366 5.150
8.718086 5.150
8.781260 5.150
8.844893 5.150
8.908987 5.150
8.973545 5.150
9.038571 5.150
9.104069 5.150
9.170040 5.150
9.236490 5.150
9.303422 5.150
9.370838 5.150
9.438744 5.150
9.507140 5.150
9.576033 5.150
9.645425 5.150
9.715320 5.150
9.785721 5.150
9.856632 5.150
9.928058 5.150
10.000000 5.150
10.072464 5.150
10.145453 5.150
10.218971 5.150
10.293022 5.150
10.367610 5.150
10.442738 5.150
10.518411 5.150
10.594631 5.150
10.671404 5.150
10.748734 5.150
10.826623 5.150
10.905077 5.150
10.984100 5.150
11.063695 5.150
11.143867 5.150
11.224621 5.150
11.305959 5.150
11.387886 5.150
11.470407 5.150
11.553527 5.150
11.637249 5.150
11.721577 5.150
11.806517 5.150
11.892071 5.150
11.978246 5.150
12.065045 5.150
12.152473 5.150
12.240536 5.150
12.329235 5.150
12.418578 5.150
12.508568 5.150
12.599211 5.150
12.690510 5.150
12.782471 5.150
12.875097 5.150
12.968395 5.150
13.062370 5.150
13.157025 5.150
13.252366 5.150
13.348398 5.150
13.445127 5.150
13.542556 5.150
13.640691 5.150
13.739536 5.150
13.839099 5.150
13.939383 5.150
14.040393 5.150
14.142136 5.150
14.244616 5.150
14.347837 5.150
14.451808 5.150
14.556532 5.150
14.662014 5.150
14.768262 5.150
14.875278 5.150
14.983070 5.150
15.091644 5.150
15.201005 5.150
15.311157 5.150
15.422109 5.150
15.533863 5.150
15.646428 5.150
15.759809 5.150
15.874010 5.150
15.989040 5.150
16.104904 5.150
16.221605 5.150
16.339155 5.150
16.457554 5.150
16.576813 5.150
16.696936 5.150
16.817928 5.150
16.939798 5.150
17.062551 5.150
17.186193 5.150
17.310732 5.150
17.436172 5.150
17.562521 5.149
17.689787 5.149
17.817974 5.149
17.947090 5.149
18.077143 5.149
18.208138 5.149
18.340080 5.148
18.472980 5.148
18.606844 5.148
18.741676 5.147
18.877487 5.147
19.014280 5.147
19.152065 5.147
19.290850 5.146
19.430639 5.146
19.571442 5.146
19.713264 5.146
19.856115 5.145
20.000000 5.145
20.144928 5.144
20.290907 5.144
20.437943 5.144
20.586044 5.143
20.735220 5.143
20.885475 5.142
21.036821 5.141
21.189262 5.141
21.342808 5.141
21.497467 5.140
21.653246 5.140
21.810154 5.139
21.968201 5.139
22.127390 5.138
22.287735 5.137
22.449242 5.137
22.611917 5.136
22.775772 5.135
22.940815 5.134
23.107054 5.133
23.274498 5.132
23.443153 5.131
23.613033 5.130
23.784142 5.129
23.956491 5.127
24.130091 5.126
24.304947 5.125
24.481071 5.123
24.658470 5.121
24.837156 5.120
25.017136 5.118
25.198421 5.116
25.381020 5.113
25.564941 5.111
25.750195 5.108
25.936790 5.106
26.124741 5.103
26.314051 5.100
26.504732 5.097
26.696796 5.094
26.890253 5.090
27.085112 5.086
27.281382 5.083
27.479073 5.078
27.678198 5.074
27.878765 5.069
28.080786 5.064
28.284271 5.058
28.489231 5.052
28.695675 5.046
28.903616 5.040
29.113064 5.033
29.324028 5.026
29.536524 5.019
29.750557 5.012
29.966141 5.004
30.183289 4.996
30.402010 4.987
30.622314 4.978
30.844217 4.968
31.067726 4.957
31.292856 4.946
31.519617 4.935
31.748020 4.923
31.978081 4.911
32.209808 4.899
32.443211 4.886
32.678310 4.873
32.915108 4.859
33.153625 4.846
33.393871 4.831
33.635857 4.816
33.879597 4.801
34.125103 4.785
34.372387 4.769
34.621464 4.752
34.872345 4.735
35.125042 4.717
35.379574 4.699
35.635948 4.681
35.894180 4.663
36.154285 4.644
36.416275 4.625
36.680161 4.606
36.945961 4.586
37.213688 4.566
37.483353 4.545
37.754974 4.524
38.028561 4.503
38.304131 4.482
38.581699 4.460
38.861279 4.438
39.142883 4.416
39.426529 4.394
39.712231 4.372
40.000000 4.349
40.289856 4.326
40.581814 4.303
40.875885 4.280
41.172089 4.257
41.470440 4.233
41.770950 4.209
42.073643 4.185
42.378525 4.162
42.685616 4.137
42.994934 4.113
43.306492 4.089
43.620308 4.064
43.936401 4.040
44.254780 4.015
44.575470 3.990
44.898483 3.966
45.223835 3.941
45.551544 3.916
45.881630 3.892
46.214108 3.867
46.548996 3.842
46.886307 3.818
47.226067 3.793
47.568283 3.768
47.912983 3.743
48.260181 3.718
48.609894 3.693
48.962143 3.668
49.316940 3.643
49.674313 3.618
50.034271 3.593
50.396843 3.568
50.762039 3.543
51.129883 3.518
51.500389 3.493
51.873581 3.468
52.249481 3.443
52.628101 3.417
53.009464 3.392
53.393593 3.367
53.780506 3.342
54.170223 3.317
54.562763 3.292
54.958145 3.266
55.356396 3.241
55.757530 3.216
56.161572 3.191
56.568542 3.166
56.978462 3.141
57.391350 3.116
57.807232 3.092
58.226128 3.067
58.648056 3.042
59.073048 3.017
59.501114 2.993
59.932281 2.968
60.366577 2.943
60.804020 2.919
61.244629 2.894
61.688435 2.869
62.135452 2.845
62.585712 2.820
63.039234 2.796
63.496040 2.771
63.956161 2.747
64.419617 2.723
64.886421 2.698
65.356621 2.674
65.830215 2.650
66.307251 2.626
66.787743 2.602
67.271713 2.578
67.759193 2.554
68.250206 2.530
68.744774 2.506
69.242928 2.482
69.744690 2.458
70.250084 2.435
70.759148 2.411
71.271896 2.388
71.788361 2.364
72.308571 2.341
72.832550 2.318
73.360321 2.295
73.891922 2.272
74.427376 2.249
74.966705 2.226
75.509949 2.204
76.057121 2.181
76.608261 2.159
77.163399 2.136
77.722557 2.114
78.285767 2.092
78.853058 2.070
79.424461 2.048
80.000000 2.026
80.579712 2.004
81.163628 1.983
81.751770 1.962
82.344177 1.941
82.940880 1.919
83.541901 1.899
84.147285 1.878
84.757050 1.857
85.371231 1.837
85.989868 1.816
86.612984 1.796
87.240616 1.776
87.872803 1.756
88.509560 1.736
89.150940 1.717
89.796967 1.697
90.447670 1.678
91.103088 1.659
91.763260 1.640
92.428215 1.622
93.097992 1.603
93.772614 1.585
94.452133 1.567
95.136566 1.550
95.825966 1.532
96.520363 1.515
97.219788 1.497
97.924286 1.480
98.633881 1.464
99.348625 1.447
100.068542 1.430
100.793686 1.414
101.524078 1.398
102.259766 1.382
103.000778 1.366
103.747162 1.351
104.498962 1.335
105.256203 1.320
106.018929 1.305
106.787186 1.290
107.561012 1.275
108.340446 1.261
109.125526 1.246
109.916290 1.232
110.712791 1.218
111.515060 1.204
112.323143 1.191
113.137085 1.177
113.956924 1.164
114.782700 1.150
115.614464 1.137
116.452255 1.125
117.296112 1.112
118.146095 1.100
119.002228 1.088
119.864563 1.076
120.733154 1.065
121.608040 1.054
122.489258 1.042
123.376869 1.031
124.270905 1.021
125.171425 1.010
126.078468 0.999
126.992081 0.989
127.912323 0.979
128.839233 0.969
129.772842 0.959
130.713242 0.950
131.660431 0.940
132.614502 0.931
133.575485 0.922
134.543427 0.913
135.518387 0.905
136.500412 0.896
137.489548 0.888
138.485855 0.880
139.489380 0.872
140.500168 0.864
141.518295 0.857
142.543793 0.849
143.576721 0.842
144.617142 0.835
145.665100 0.828
146.720642 0.821
147.783844 0.814
148.854752 0.808
149.933411 0.801
151.019897 0.795
152.114243 0.789
153.216522 0.783
154.326797 0.777
155.445114 0.771
156.571533 0.765
157.706116 0.759
158.848923 0.754
160.000000 0.748
161.159424 0.742
162.327255 0.737
163.503540 0.732
164.688354 0.727
165.881760 0.721
167.083801 0.716
168.294571 0.711
169.514099 0.706
170.742462 0.701
171.979736 0.696
173.225967 0.691
174.481232 0.686
175.745605 0.681
177.019119 0.676
178.301880 0.670
179.593933 0.666
180.895340 0.661
182.206177 0.656
183.526520 0.651
184.856430 0.646
186.195984 0.641
187.545227 0.636
188.904266 0.631
190.273132 0.626
191.651932 0.621
193.040726 0.616
194.439575 0.610
195.848572 0.605
197.267761 0.600
198.697250 0.595
200.137085 0.589
201.587372 0.584
203.048157 0.579
204.519531 0.574
206.001556 0.569
207.494324 0.564
208.997925 0.558
210.512405 0.553
212.037857 0.548
213.574371 0.542
215.122025 0.537
216.680893 0.532
218.251053 0.526
219.832581 0.521
221.425583 0.515
223.030121 0.510
224.646286 0.505
226.274170 0.500
227.913849 0.495
229.565399 0.490
231.228928 0.485
232.904510 0.480
234.592224 0.475
236.292191 0.470
238.004456 0.465
239.729126 0.460
241.466309 0.455
243.216080 0.451
244.978516 0.446
246.753738 0.441
248.541809 0.437
250.342850 0.432
252.156937 0.428
253.984161 0.423
255.824646 0.419
257.678467 0.415
259.545685 0.411
261.426483 0.407
263.320862 0.402
265.229004 0.398
267.150970 0.394
269.086853 0.390
271.036774 0.387
273.000824 0.383
274.979095 0.379
276.971710 0.375
278.978760 0.372
281.000336 0.368
283.036591 0.365
285.087585 0.362
287.153442 0.358
289.234283 0.355
291.330200 0.352
293.441284 0.349
295.567688 0.346
297.709503 0.343
299.866821 0.340
302.039795 0.337
304.228485 0.334
306.433044 0.331
308.653595 0.328
310.890228 0.326
313.143066 0.323
315.412231 0.321
317.697845 0.318
320.000000 0.316
322.318848 0.313
324.654510 0.311
327.007080 0.309
329.376709 0.307
331.763519 0.305
334.167603 0.303
336.589142 0.301
339.028198 0.299
341.484924 0.297
343.959473 0.295
346.451935 0.293
348.962463 0.292
351.491211 0.290
354.038239 0.289
356.603760 0.287
359.187866 0.286
361.790680 0.284
364.412354 0.283
367.053040 0.281
369.712860 0.280
372.391968 0.279
375.090454 0.278
377.808533 0.277
380.546265 0.276
383.303864 0.274
386.081451 0.273
388.879150 0.272
391.697144 0.271
394.535522 0.271
397.394501 0.270
400.274170 0.269
403.174744 0.268
406.096313 0.268
409.039062 0.267
412.003113 0.267
414.988647 0.266
417.995850 0.266
421.024811 0.265
424.075714 0.265
427.148743 0.265
430.244049 0.265
433.361786 0.264
436.502106 0.264
439.665161 0.264
442.851166 0.264
446.060242 0.264
449.292572 0.264
452.548340 0.264
455.827698 0.264
459.130798 0.264
462.457855 0.264
465.809021 0.264
469.184448 0.265
472.584381 0.265
476.008911 0.265
479.458252 0.265
482.932617 0.266
486.432159 0.266
489.957031 0.266
493.507477 0.266
497.083618 0.267
500.685699 0.267
504.313873 0.267
507.968323 0.267
511.649292 0.268
515.356934 0.268
519.091370 0.268
522.852966 0.268
526.641724 0.268
530.458008 0.268
534.301941 0.268
538.173706 0.268
542.073547 0.268
546.001648 0.267
549.958191 0.267
553.943420 0.267
557.957520 0.266
562.000671 0.265
566.073181 0.265
570.175171 0.264
574.306885 0.263
578.468567 0.262
582.660400 0.260
586.882568 0.259
591.135376 0.258
595.419006 0.256
599.733643 0.255
604.079590 0.253
608.456970 0.252
612.866089 0.250
617.307190 0.248
621.780457 0.246
626.286133 0.244
630.824463 0.242
635.395691 0.239
640.000000 0.237
644.637695 0.234
649.309021 0.232
654.014160 0.229
658.753418 0.227
663.527039 0.224
668.335205 0.221
673.178284 0.218
678.056396 0.215
682.969849 0.211
687.918945 0.208
692.903870 0.204
697.924927 0.201
702.982422 0.197
708.076477 0.193
713.207520 0.190
718.375732 0.186
723.581360 0.182
728.824707 0.178
734.106079 0.174
739.425720 0.171
744.783936 0.167
750.180908 0.163
755.617065 0.159
761.092529 0.155
766.607727 0.151
772.162903 0.147
777.758301 0.143
783.394287 0.139
789.071045 0.135
794.789001 0.131
800.548340 0.128
806.349487 0.124
812.192627 0.120
818.078125 0.116
824.006226 0.112
829.977295 0.108
835.991699 0.104
842.049622 0.100
848.151428 0.096
854.297485 0.092
860.488098 0.088
866.723572 0.084
873.004211 0.080
879.330322 0.076
885.702332 0.072
892.120483 0.068
898.585144 0.064
905.096680 0.060
911.655396 0.056
918.261597 0.051
924.915710 0.047
931.618042 0.043
938.368896 0.039
945.168762 0.035
952.017822 0.031
958.916504 0.027
965.865234 0.022
972.864319 0.018
979.914062 0.014
987.014954 0.010
994.167236 0.005
1001.371399 0.001
1008.627747 -0.003
1015.936646 -0.008
1023.298584 -0.012
1030.713867 -0.017
1038.182739 -0.021
1045.705933 -0.026
1053.283447 -0.030
1060.916016 -0.035
1068.603882 -0.039
1076.347412 -0.043
1084.147095 -0.048
1092.003296 -0.052
1099.916382 -0.057
1107.886841 -0.061
1115.915039 -0.066
1124.001343 -0.070
1132.146362 -0.075
1140.350342 -0.079
1148.613770 -0.084
1156.937134 -0.088
1165.320801 -0.093
1173.765137 -0.098
1182.270752 -0.102
1190.838013 -0.107
1199.467285 -0.112
1208.159180 -0.117
1216.913940 -0.121
1225.732178 -0.126
1234.614380 -0.131
1243.560913 -0.136
1252.572266 -0.140
1261.648926 -0.145
1270.791382 -0.150
1280.000000 -0.155
1289.275391 -0.159
1298.618042 -0.164
1308.028320 -0.169
1317.506836 -0.174
1327.054077 -0.179
1336.670410 -0.184
1346.356567 -0.188
1356.112793 -0.193
1365.939697 -0.198
1375.837891 -0.203
1385.807739 -0.208
1395.849854 -0.213
1405.964844 -0.218
1416.152954 -0.223
1426.415039 -0.228
1436.751465 -0.233
1447.162720 -0.238
1457.649414 -0.243
1468.212158 -0.248
1478.851440 -0.253
1489.567871 -0.258
1500.361816 -0.263
1511.234131 -0.268
1522.185059 -0.273
1533.215454 -0.278
1544.325806 -0.283
1555.516602 -0.288
1566.788574 -0.293
1578.142090 -0.298
1589.578003 -0.303
1601.096680 -0.309
1612.698975 -0.314
1624.385254 -0.319
1636.156250 -0.324
1648.012451 -0.329
1659.954590 -0.334
1671.983398 -0.339
1684.099243 -0.344
1696.302856 -0.350
1708.594971 -0.355
1720.976196 -0.360
1733.447144 -0.365
1746.008423 -0.370
1758.660645 -0.375
1771.404663 -0.381
1784.240967 -0.386
1797.170288 -0.391
1810.193359 -0.396
1823.310791 -0.401
1836.523193 -0.407
1849.831421 -0.412
1863.236084 -0.417
1876.737793 -0.422
1890.337524 -0.427
1904.035645 -0.433
1917.833008 -0.438
1931.730469 -0.443
1945.728638 -0.448
1959.828125 -0.453
1974.029907 -0.459
1988.334473 -0.464
2002.742798 -0.469
2017.255493 -0.474
2031.873291 -0.479
2046.597168 -0.485
2061.427734 -0.490
2076.365479 -0.495
2091.411865 -0.500
2106.566895 -0.505
2121.832031 -0.511
2137.207764 -0.516
2152.694824 -0.521
2168.294189 -0.527
2184.006592 -0.532
2199.832764 -0.538
2215.773682 -0.543
2231.830078 -0.548
2248.002686 -0.554
2264.292725 -0.559
2280.700684 -0.564
2297.227539 -0.569
2313.874268 -0.575
2330.641602 -0.580
2347.530273 -0.585
2364.541504 -0.590
2381.676025 -0.596
2398.934570 -0.601
2416.318359 -0.606
2433.827881 -0.611
2451.464355 -0.617
2469.228760 -0.622
2487.121826 -0.627
2505.144531 -0.633
2523.297852 -0.638
2541.582764 -0.643
2560.000000 -0.648
2578.550781 -0.654
2597.236084 -0.659
2616.056641 -0.664
2635.013672 -0.670
2654.108154 -0.675
2673.340820 -0.681
2692.713135 -0.686
2712.225586 -0.692
2731.879395 -0.697
2751.675781 -0.703
2771.615479 -0.708
2791.699707 -0.714
2811.929688 -0.719
2832.305908 -0.725
2852.830078 -0.730
2873.502930 -0.735
2894.325439 -0.741
2915.298828 -0.746
2936.424316 -0.751
2957.702881 -0.757
2979.135742 -0.762
3000.723633 -0.767
3022.468262 -0.773
3044.370117 -0.778
3066.430908 -0.784
3088.651611 -0.789
3111.033203 -0.795
3133.577148 -0.800
3156.284180 -0.806
3179.156006 -0.811
3202.193359 -0.816
3225.397949 -0.822
3248.770508 -0.827
3272.312500 -0.833
3296.024902 -0.838
3319.909180 -0.843
3343.966797 -0.849
3368.198486 -0.854
3392.605713 -0.860
3417.189941 -0.865
3441.952393 -0.871
3466.894287 -0.876
3492.016846 -0.882
3517.321289 -0.887
3542.809326 -0.893
3568.481934 -0.898
3594.340576 -0.903
3620.386719 -0.909
3646.621582 -0.914
3673.046387 -0.920
3699.662842 -0.925
3726.472168 -0.930
3753.475586 -0.936
3780.675049 -0.941
3808.071289 -0.946
3835.666016 -0.952
3863.460938 -0.957
3891.457275 -0.963
3919.656250 -0.968
3948.059814 -0.973
3976.668945 -0.979
4005.485596 -0.984
4034.510986 -0.989
4063.746582 -0.995
4093.194336 -1.000
4122.855469 -1.005
4152.730957 -1.011
4182.823730 -1.016
4213.133789 -1.022
4243.664062 -1.027
4274.415527 -1.032
4305.389648 -1.038
4336.588379 -1.043
4368.013184 -1.049
4399.665527 -1.054
4431.547363 -1.060
4463.660156 -1.065
4496.005371 -1.070
4528.585449 -1.076
4561.401367 -1.081
4594.455078 -1.086
4627.748535 -1.092
4661.283203 -1.097
4695.060547 -1.102
4729.083008 -1.108
4763.352051 -1.113
4797.869141 -1.118
4832.636719 -1.124
4867.655762 -1.129
4902.928711 -1.135
4938.457520 -1.140
4974.243652 -1.145
5010.289062 -1.151
5046.595703 -1.156
5083.165527 -1.161
5120.000000 -1.167
5157.101562 -1.172
5194.472168 -1.177
5232.113281 -1.183
5270.027344 -1.188
5308.216309 -1.193
5346.681641 -1.198
5385.426270 -1.204
5424.451172 -1.209
5463.758789 -1.214
5503.351562 -1.219
5543.230957 -1.225
5583.399414 -1.230
5623.859375 -1.235
5664.611816 -1.240
5705.660156 -1.245
5747.005859 -1.251
5788.650879 -1.256
5830.597656 -1.261
5872.848633 -1.266
5915.405762 -1.271
5958.271484 -1.276
6001.447266 -1.281
6044.936523 -1.286
6088.740234 -1.291
6132.861816 -1.296
6177.303223 -1.301
6222.066406 -1.306
6267.154297 -1.311
6312.568359 -1.316
6358.312012 -1.321
6404.386719 -1.326
6450.795898 -1.331
6497.541016 -1.336
6544.625000 -1.341
6592.049805 -1.346
6639.818359 -1.351
6687.933594 -1.356
6736.396973 -1.361
6785.211426 -1.366
6834.379883 -1.371
6883.904785 -1.376
6933.788574 -1.381
6984.033691 -1.386
7034.642578 -1.391
7085.618652 -1.396
7136.963867 -1.401
7188.681152 -1.405
7240.773438 -1.410
7293.243164 -1.415
7346.092773 -1.420
7399.325684 -1.424
7452.944336 -1.429
7506.951172 -1.434
7561.350098 -1.438
7616.142578 -1.443
7671.332031 -1.448
7726.921875 -1.452
7782.914551 -1.457
7839.312500 -1.461
7896.119629 -1.466
7953.337891 -1.470
8010.971191 -1.475
8069.021973 -1.479
8127.493164 -1.484
8186.388672 -1.489
8245.710938 -1.493
8305.461914 -1.498
8365.647461 -1.502
8426.267578 -1.507
8487.328125 -1.511
8548.831055 -1.516
8610.779297 -1.520
8673.176758 -1.525
8736.026367 -1.529
8799.331055 -1.533
8863.094727 -1.538
8927.320312 -1.542
8992.010742 -1.547
9057.170898 -1.551
9122.802734 -1.555
9188.910156 -1.559
9255.497070 -1.564
9322.566406 -1.568
9390.121094 -1.572
9458.166016 -1.576
9526.704102 -1.581
9595.738281 -1.585
9665.273438 -1.589
9735.311523 -1.593
9805.857422 -1.597
9876.915039 -1.601
9948.487305 -1.605
10020.578125 -1.609
10093.191406 -1.613
10166.331055 -1.617
10240.000000 -1.621
10314.203125 -1.625
10388.944336 -1.629
10464.226562 -1.633
10540.054688 -1.637
10616.432617 -1.641
10693.363281 -1.645
10770.852539 -1.649
10848.902344 -1.653
10927.517578 -1.657
11006.703125 -1.661
11086.461914 -1.665
11166.798828 -1.668
11247.718750 -1.672
11329.223633 -1.676
11411.320312 -1.680
11494.011719 -1.684
11577.301758 -1.687
11661.195312 -1.691
11745.697266 -1.695
11830.811523 -1.698
11916.542969 -1.702
12002.894531 -1.706
12089.873047 -1.709
12177.480469 -1.713
12265.723633 -1.717
12354.606445 -1.720
12444.132812 -1.724
12534.308594 -1.727
12625.136719 -1.731
12716.624023 -1.735
12808.773438 -1.738
12901.591797 -1.742
12995.082031 -1.745
13089.250000 -1.749
13184.099609 -1.752
13279.636719 -1.756
13375.867188 -1.760
13472.793945 -1.763
13570.422852 -1.766
13668.759766 -1.770
13767.809570 -1.773
13867.577148 -1.777
13968.067383 -1.780
14069.285156 -1.783
14171.237305 -1.787
14273.927734 -1.790
14377.362305 -1.793
14481.546875 -1.796
14586.486328 -1.799
14692.185547 -1.802
14798.651367 -1.805
14905.888672 -1.808
15013.902344 -1.811
15122.700195 -1.814
15232.285156 -1.817
15342.664062 -1.820
15453.843750 -1.822
15565.829102 -1.825
15678.625000 -1.827
15792.239258 -1.830
15906.675781 -1.832
16021.942383 -1.835
16138.043945 -1.837
16254.986328 -1.839
16372.777344 -1.842
16491.421875 -1.844
16610.923828 -1.846
16731.294922 -1.848
16852.535156 -1.851
16974.656250 -1.853
17097.662109 -1.855
17221.558594 -1.857
17346.353516 -1.859
17472.052734 -1.861
17598.662109 -1.863
17726.189453 -1.865
17854.640625 -1.866
17984.021484 -1.868
18114.341797 -1.869
18245.605469 -1.870
18377.820312 -1.871
18510.994141 -1.872
18645.132812 -1.873
18780.242188 -1.873
18916.332031 -1.874
19053.408203 -1.874
19191.476562 -1.874
19330.546875 -1.874
19470.623047 -1.874
19611.714844 -1.874
19753.830078 -1.874
19896.974609 -1.873
20041.156250 -1.873
20186.382812 -1.873
20332.662109 -1.873
20480.000000 -1.873
20628.406250 -1.872
20777.888672 -1.872
20928.453125 -1.872
21080.109375 -1.872
21232.865234 -1.872
21386.726562 -1.872
21541.705078 -1.872
21697.804688 -1.873
21855.035156 -1.873
22013.406250 -1.873
22172.923828 -1.874
22333.597656 -1.874
22495.437500 -1.874
22658.447266 -1.875
22822.640625 -1.875
22988.023438 -1.876
23154.603516 -1.877
23322.390625 -1.877
23491.394531 -1.878
